-2.327570
-1.547003
-1.669492
-1.257292
-1.968429
-2.804891
-2.179256
-1.220005
-2.508362
-2.967343
-1.772269
-0.841830
-1.473013
-0.484430
-2.562785
-1.939110
-2.184617
-1.011783
-2.432647
-2.310403
-1.389290
-1.849106
-2.358658
-2.593224
-2.928011
-1.134080
-1.027042
-1.695475
-1.065292
-2.136626
-0.768693
-2.385608
-1.032664
-0.894026
-0.590690
-3.295733
-2.458784
-0.802068
-1.189796
-1.118158
-2.574847
-1.141055
-2.047107
-0.567508
-1.857605
-0.410433
-0.715682
-1.430996
-0.561832
-2.328041
-1.194554
-1.071127
